100 100
1 42 71 21
2 50 58 27
3 51 81 41
4 18 19 47
5 8 15 11
6 18 24 45
7 71 75 25
8 66 86 34
9 7 40 46
10 46 56 42
11 39 100 38
12 80 82 20
13 45 62 26
14 57 98 22
15 47 62 32
16 78 100 20
17 35 86 16
18 68 76 20
19 83 99 7
20 87 99 30
21 86 92 21
22 80 93 45
23 53 67 33
24 5 68 3
25 98 100 16
26 19 57 35
27 30 50 16
28 4 34 47
29 89 90 25
30 85 93 49
31 11 84 10
32 7 69 9
33 35 48 49
34 44 61 23
35 36 53 45
36 40 49 10
37 8 16 22
38 85 95 44
39 50 61 15
40 15 75 18
41 2 29 30
42 41 100 27
43 48 78 25
44 47 90 46
45 15 53 40
46 1 47 16
47 2 93 20
48 81 93 37
49 93 100 37
50 48 92 44
51 68 94 15
52 33 47 2
53 56 82 17
54 88 93 40
55 76 85 3
56 3 97 9
57 84 94 50
58 18 86 44
59 5 41 24
60 18 30 47
61 53 75 18
62 50 71 5
63 85 100 47
64 67 74 14
65 31 39 7
66 10 97 26
67 98 100 34
68 30 55 30
69 49 71 24
70 36 51 29
71 65 80 47
72 98 100 36
73 76 95 21
74 20 35 14
75 28 94 49
76 22 23 38
77 59 71 33
78 93 94 31
79 26 70 26
80 51 87 34
81 54 77 12
82 77 94 12
83 5 59 33
84 9 38 13
85 66 89 39
86 92 93 36
87 79 88 45
88 18 19 13
89 79 86 47
90 1 99 11
91 80 83 29
92 87 98 32
93 15 88 23
94 48 52 35
95 55 63 3
96 38 79 20
97 35 75 16
98 6 41 41
99 26 28 38
100 2 98 15